24.8607 67.0011
31.5204 74.3587
33.7294 73.0935
34.0151 71.5793
30.1994 67.0095
31.4167 73.0833
30.1667 71.4667
25.3833 68.3667
33.6007 73.0667
32.1667 74.1833
32.5167 74.5333
29.4000 71.6833
32.0833 72.6667
31.7167 74.2333
34.2167 72.0667
34.1500 73.2167
33.9833 71.9833
32.9333 73.7333
30.0500 70.6500
34.3667 73.4667
33.1500 73.7667
35.3000 75.6333
35.9167 74.3167
27.8000 66.6167
27.5667 68.2000
26.2333 68.4000
27.6833 68.8667
28.2833 69.4500
25.7000 66.6333
26.2500 67.7833
28.0333 69.4500
29.1667 71.4833
30.0833 70.7333
31.2500 72.7833
32.3500 73.5167
33.5167 72.7833
34.6500 71.9667
25.9667 67.6167
27.2333 68.4333
28.5500 69.2333
29.7833 70.7833
31.0000 71.9833
32.1667 73.1833
33.3000 74.0333
34.4833 75.1667
35.6500 76.3000
26.4833 67.7833
27.7500 69.0333
29.0167 70.2833
30.2833 71.5333
31.5500 72.7833
32.8167 74.0333
34.0833 75.2833
35.3500 76.5333
25.1833 66.3667
26.4500 67.6333
27.7167 68.9000
29.0000 70.1667
30.2833 71.4333
31.5667 72.7000
32.8500 74.0000
34.1333 75.3000
35.4167 76.6000